Dataset source: full MNIST (70,000 images, 28x28)
Test Accuracy: 0.9881

              precision    recall  f1-score   support

           0     0.9898    0.9939    0.9919       980
           1     0.9929    0.9921    0.9925      1135
           2     0.9856    0.9922    0.9889      1032
           3     0.9910    0.9851    0.9881      1010
           4     0.9888    0.9898    0.9893       982
           5     0.9757    0.9922    0.9839       892
           6     0.9834    0.9906    0.9870       958
           7     0.9883    0.9893    0.9888      1028
           8     0.9857    0.9897    0.9877       974
           9     0.9980    0.9663    0.9819      1009

    accuracy                         0.9881     10000
   macro avg     0.9879    0.9881    0.9880     10000
weighted avg     0.9882    0.9881    0.9881     10000
